U               I
-3.29300E+0003  1.00000E-0002
-3.23300E+0003  1.00000E-0002
-3.22300E+0003  1.00000E-0002
-3.13000E+0003  1.00000E-0002
-3.12400E+0003  1.00000E-0002
-3.09300E+0003  1.00000E-0002
-3.07700E+0003  1.00000E-0002
-3.05500E+0003  1.00000E-0002
-3.05100E+0003  1.00000E-0002
-3.00800E+0003  1.00000E-0002
-2.97600E+0003  1.00000E-0002
-2.97300E+0003  1.00000E-0002
-2.96500E+0003  1.00000E-0002
-2.94600E+0003  1.00000E-0002
-2.94200E+0003  1.00000E-0002
-2.91300E+0003  1.00000E-0002
-2.87500E+0003  1.00000E-0002
-2.82200E+0003  3.00000E-0002
-2.84400E+0003  3.00000E-0002
-2.83500E+0003  3.00000E-0002
-2.82800E+0003  3.00000E-0002
-2.77400E+0003  5.00000E-0002
-2.78500E+0003  4.00000E-0002
-2.82800E+0003  3.00000E-0002
-2.84800E+0003  2.00000E-0002
-2.85400E+0003  2.00000E-0002
-2.86500E+0003  2.00000E-0002
-2.89000E+0003  2.00000E-0002
-2.91000E+0003  1.00000E-0002
-2.94400E+0003  1.00000E-0002
-2.95400E+0003  1.00000E-0002
-2.94900E+0003  1.00000E-0002
-2.92600E+0003  1.00000E-0002
-2.91800E+0003  1.00000E-0002
-2.90800E+0003  1.00000E-0002
-2.87500E+0003  2.00000E-0002
-2.85600E+0003  3.00000E-0002
-2.81400E+0003  3.00000E-0002
-2.77700E+0003  5.00000E-0002
-2.75600E+0003  6.00000E-0002
-2.75500E+0003  6.00000E-0002
-2.74600E+0003  6.00000E-0002
-2.76700E+0003  5.00000E-0002
-2.76900E+0003  5.00000E-0002
-2.77600E+0003  5.00000E-0002
-2.79000E+0003  4.00000E-0002
-2.79800E+0003  3.00000E-0002
-2.81100E+0003  3.00000E-0002
-2.77900E+0003  5.00000E-0002
-2.74100E+0003  6.00000E-0002
-2.73400E+0003  7.00000E-0002
-2.71800E+0003  7.00000E-0002
-2.71200E+0003  8.00000E-0002
-2.70700E+0003  8.00000E-0002
-2.70000E+0003  9.00000E-0002
-2.69200E+0003  9.00000E-0002
-2.68500E+0003  1.00000E-0001
-2.68100E+0003  1.00000E-0001
-2.67400E+0003  1.00000E-0001
-2.66300E+0003  1.10000E-0001
-2.66000E+0003  1.20000E-0001
-2.65100E+0003  1.20000E-0001
-2.63900E+0003  1.30000E-0001
-2.63100E+0003  1.30000E-0001
-2.62000E+0003  1.50000E-0001
-2.61300E+0003  1.50000E-0001
-2.60900E+0003  1.60000E-0001
-2.60100E+0003  1.70000E-0001
-2.59700E+0003  1.70000E-0001
-2.59200E+0003  1.80000E-0001
-2.58800E+0003  1.80000E-0001
-2.56900E+0003  2.00000E-0001
-2.54000E+0003  2.20000E-0001
-2.53200E+0003  2.40000E-0001
-2.54900E+0003  2.20000E-0001
-2.55800E+0003  2.20000E-0001
-2.55000E+0003  2.30000E-0001
-2.52500E+0003  2.50000E-0001
-2.50100E+0003  2.80000E-0001
-2.49400E+0003  2.80000E-0001
-2.48800E+0003  2.90000E-0001
-2.48100E+0003  3.00000E-0001
-2.47300E+0003  3.10000E-0001
-2.47200E+0003  3.10000E-0001
-2.46700E+0003  3.20000E-0001
-2.46300E+0003  3.20000E-0001
-2.46000E+0003  3.30000E-0001
-2.45600E+0003  3.30000E-0001
-2.44600E+0003  3.50000E-0001
-2.44100E+0003  3.60000E-0001
-2.43400E+0003  3.70000E-0001
-2.42500E+0003  3.80000E-0001
-2.41900E+0003  3.90000E-0001
-2.40600E+0003  4.10000E-0001
-2.39600E+0003  4.20000E-0001
-2.39200E+0003  4.30000E-0001
-2.38200E+0003  4.40000E-0001
-2.37700E+0003  4.50000E-0001
-2.37100E+0003  4.50000E-0001
-2.37000E+0003  4.60000E-0001
-2.36100E+0003  4.70000E-0001
-2.35600E+0003  4.80000E-0001
-2.35500E+0003  4.80000E-0001
-2.34300E+0003  5.10000E-0001
-2.33400E+0003  5.20000E-0001
-2.33300E+0003  5.20000E-0001
-2.32800E+0003  5.30000E-0001
-2.32300E+0003  5.40000E-0001
-2.32100E+0003  5.40000E-0001
-2.31600E+0003  5.40000E-0001
-2.30700E+0003  5.70000E-0001
-2.28900E+0003  5.90000E-0001
-2.28400E+0003  6.10000E-0001
-2.27300E+0003  6.20000E-0001
-2.27100E+0003  6.30000E-0001
-2.26100E+0003  6.40000E-0001
-2.25200E+0003  6.60000E-0001
-2.24500E+0003  6.70000E-0001
-2.24000E+0003  6.90000E-0001
-2.23400E+0003  6.90000E-0001
-2.23100E+0003  7.00000E-0001
-2.22500E+0003  7.10000E-0001
-2.22200E+0003  7.20000E-0001
-2.21100E+0003  7.40000E-0001
-2.20100E+0003  7.60000E-0001
-2.19900E+0003  7.60000E-0001
-2.18300E+0003  7.90000E-0001
-2.17500E+0003  8.10000E-0001
-2.16200E+0003  8.20000E-0001
-2.15500E+0003  8.50000E-0001
-2.15000E+0003  8.60000E-0001
-2.14200E+0003  8.70000E-0001
-2.14200E+0003  8.80000E-0001
-2.13400E+0003  8.90000E-0001
-2.13000E+0003  9.00000E-0001
-2.12500E+0003  9.10000E-0001
-2.11400E+0003  9.40000E-0001
-2.09500E+0003  9.50000E-0001
-2.08800E+0003  9.90000E-0001
-2.08300E+0003  1.00000E+0000
-2.07500E+0003  1.02000E+0000
-2.07000E+0003  1.03000E+0000
-2.05500E+0003  1.08000E+0000
-2.03800E+0003  1.10000E+0000
-2.03100E+0003  1.11000E+0000
-2.02000E+0003  1.14000E+0000
-2.01300E+0003  1.16000E+0000
-2.00000E+0003  1.17000E+0000
-1.99500E+0003  1.20000E+0000
-1.98700E+0003  1.22000E+0000
-1.97900E+0003  1.24000E+0000
-1.97300E+0003  1.25000E+0000
-1.95900E+0003  1.28000E+0000
-1.94100E+0003  1.33000E+0000
-1.92800E+0003  1.34000E+0000
-1.92200E+0003  1.37000E+0000
-1.91500E+0003  1.39000E+0000
-1.90500E+0003  1.40000E+0000
-1.89400E+0003  1.44000E+0000
-1.88500E+0003  1.46000E+0000
-1.87800E+0003  1.46000E+0000
-1.87100E+0003  1.50000E+0000
-1.85900E+0003  1.53000E+0000
-1.85000E+0003  1.55000E+0000
-1.84700E+0003  1.56000E+0000
-1.83000E+0003  1.61000E+0000
-1.82500E+0003  1.62000E+0000
-1.81500E+0003  1.65000E+0000
-1.79900E+0003  1.69000E+0000
-1.79200E+0003  1.70000E+0000
-1.78700E+0003  1.71000E+0000
-1.77700E+0003  1.74000E+0000
-1.77100E+0003  1.76000E+0000
-1.76500E+0003  1.77000E+0000
-1.76500E+0003  1.78000E+0000
-1.75900E+0003  1.79000E+0000
-1.75400E+0003  1.81000E+0000
-1.75000E+0003  1.82000E+0000
-1.73900E+0003  1.85000E+0000
-1.73100E+0003  1.87000E+0000
-1.73000E+0003  1.87000E+0000
-1.72500E+0003  1.89000E+0000
-1.71400E+0003  1.92000E+0000
-1.70400E+0003  1.93000E+0000
-1.69900E+0003  1.96000E+0000
-1.69400E+0003  1.97000E+0000
-1.69000E+0003  1.97000E+0000
-1.68800E+0003  1.99000E+0000
-1.68400E+0003  2.00000E+0000
-1.68000E+0003  2.01000E+0000
-1.67900E+0003  2.01000E+0000
-1.67700E+0003  2.02000E+0000
-1.66900E+0003  2.04000E+0000
-1.66400E+0003  2.05000E+0000
-1.66300E+0003  2.06000E+0000
-1.65900E+0003  2.07000E+0000
-1.65700E+0003  2.07000E+0000
-1.65200E+0003  2.09000E+0000
-1.64400E+0003  2.12000E+0000
-1.63300E+0003  2.13000E+0000
-1.62900E+0003  2.16000E+0000
-1.62100E+0003  2.18000E+0000
-1.61600E+0003  2.20000E+0000
-1.60300E+0003  2.23000E+0000
-1.60900E+0003  2.21000E+0000
-1.59900E+0003  2.24000E+0000
-1.59100E+0003  2.26000E+0000
-1.58500E+0003  2.28000E+0000
-1.57500E+0003  2.31000E+0000
-1.57000E+0003  2.32000E+0000
-1.56300E+0003  2.35000E+0000
-1.55100E+0003  2.38000E+0000
-1.53900E+0003  2.42000E+0000
-1.52600E+0003  2.45000E+0000
-1.52000E+0003  2.48000E+0000
-1.51100E+0003  2.51000E+0000
-1.49800E+0003  2.52000E+0000
-1.49200E+0003  2.57000E+0000
-1.48200E+0003  2.59000E+0000
-1.47600E+0003  2.61000E+0000
-1.47300E+0003  2.63000E+0000
-1.46000E+0003  2.67000E+0000
-1.45000E+0003  2.70000E+0000
-1.44800E+0003  2.69000E+0000
-1.44000E+0003  2.72000E+0000
-1.43100E+0003  2.75000E+0000
-1.42800E+0003  2.76000E+0000
-1.41600E+0003  2.81000E+0000
-1.40000E+0003  2.85000E+0000
-1.39000E+0003  2.87000E+0000
-1.38300E+0003  2.90000E+0000
-1.37300E+0003  2.94000E+0000
-1.36100E+0003  2.95000E+0000
-1.35900E+0003  2.98000E+0000
-1.34300E+0003  3.04000E+0000
-1.32800E+0003  3.09000E+0000
-1.31700E+0003  3.13000E+0000
-1.30400E+0003  3.16000E+0000
-1.29200E+0003  3.17000E+0000
-1.26900E+0003  3.26000E+0000
-1.26200E+0003  3.31000E+0000
-1.25300E+0003  3.33000E+0000
-1.26700E+0003  3.31000E+0000
-1.26900E+0003  3.27000E+0000
-1.27600E+0003  3.25000E+0000
-1.28200E+0003  3.22000E+0000
-1.26400E+0003  3.31000E+0000
-1.24700E+0003  3.36000E+0000
-1.23700E+0003  3.37000E+0000
-1.23400E+0003  3.41000E+0000
-1.22400E+0003  3.43000E+0000
-1.22100E+0003  3.44000E+0000
-1.21700E+0003  3.44000E+0000
-1.21400E+0003  3.46000E+0000
-1.20900E+0003  3.48000E+0000
-1.20900E+0003  3.48000E+0000
-1.20500E+0003  3.49000E+0000
-1.19700E+0003  3.52000E+0000
-1.19900E+0003  3.54000E+0000
-1.18700E+0003  3.55000E+0000
-1.17600E+0003  3.59000E+0000
-1.16400E+0003  3.63000E+0000
-1.15900E+0003  3.65000E+0000
-1.15600E+0003  3.66000E+0000
-1.15000E+0003  3.68000E+0000
-1.14300E+0003  3.70000E+0000
-1.13900E+0003  3.72000E+0000
-1.13300E+0003  3.74000E+0000
-1.12800E+0003  3.76000E+0000
-1.12600E+0003  3.76000E+0000
-1.12000E+0003  3.78000E+0000
-1.11200E+0003  3.81000E+0000
-1.11000E+0003  3.83000E+0000
-1.10000E+0003  3.86000E+0000
-1.08700E+0003  3.91000E+0000
-1.08300E+0003  3.91000E+0000
-1.07500E+0003  3.94000E+0000
-1.06700E+0003  3.97000E+0000
-1.06200E+0003  3.98000E+0000
-1.06000E+0003  3.99000E+0000
-1.05500E+0003  4.02000E+0000
-1.04500E+0003  4.04000E+0000
-1.04000E+0003  4.07000E+0000
-1.02900E+0003  4.10000E+0000
-1.01600E+0003  4.16000E+0000
-1.01100E+0003  4.18000E+0000
-1.00400E+0003  4.20000E+0000
-9.92000E+0002  4.26000E+0000
-9.85000E+0002  4.28000E+0000
-9.74000E+0002  4.31000E+0000
-9.63000E+0002  4.35000E+0000
-9.54000E+0002  4.37000E+0000
-9.52000E+0002  4.38000E+0000
-9.45000E+0002  4.43000E+0000
-9.36000E+0002  4.45000E+0000
-9.33000E+0002  4.46000E+0000
-9.26000E+0002  4.49000E+0000
-9.18000E+0002  4.52000E+0000
-9.13000E+0002  4.54000E+0000
-9.04000E+0002  4.57000E+0000
-8.97000E+0002  4.59000E+0000
-8.74000E+0002  4.63000E+0000
-8.85000E+0002  4.63000E+0000
-8.86000E+0002  4.63000E+0000
-8.86000E+0002  4.62000E+0000
-8.86000E+0002  4.63000E+0000
-8.85000E+0002  4.63000E+0000
-8.86000E+0002  4.63000E+0000
-8.86000E+0002  4.63000E+0000
-8.86000E+0002  4.63000E+0000
-8.85000E+0002  4.64000E+0000
-8.75000E+0002  4.68000E+0000
-8.68000E+0002  4.70000E+0000
-8.61000E+0002  4.72000E+0000
-8.60000E+0002  4.73000E+0000
-8.53000E+0002  4.76000E+0000
-8.48000E+0002  4.77000E+0000
-8.45000E+0002  4.78000E+0000
-8.41000E+0002  4.81000E+0000
-8.35000E+0002  4.82000E+0000
-8.27000E+0002  4.86000E+0000
-8.22000E+0002  4.88000E+0000
-8.09000E+0002  4.93000E+0000
-7.99000E+0002  4.97000E+0000
-7.91000E+0002  5.00000E+0000
-7.86000E+0002  5.02000E+0000
-7.77000E+0002  5.05000E+0000
-7.67000E+0002  5.08000E+0000
-7.63000E+0002  5.10000E+0000
-7.55000E+0002  5.14000E+0000
-7.30000E+0002  5.20000E+0000
-7.24000E+0002  5.27000E+0000
-7.11000E+0002  5.30000E+0000
-7.05000E+0002  5.34000E+0000
-6.99000E+0002  5.36000E+0000
-6.92000E+0002  5.38000E+0000
-6.86000E+0002  5.41000E+0000
-6.84000E+0002  5.41000E+0000
-6.72000E+0002  5.47000E+0000
-6.55000E+0002  5.53000E+0000
-6.48000E+0002  5.57000E+0000
-6.37000E+0002  5.60000E+0000
-6.27000E+0002  5.64000E+0000
-6.24000E+0002  5.65000E+0000
-6.15000E+0002  5.70000E+0000
-6.02000E+0002  5.74000E+0000
-5.94000E+0002  5.78000E+0000
-5.85000E+0002  5.82000E+0000
-5.74000E+0002  5.87000E+0000
-5.52000E+0002  5.96000E+0000
-5.45000E+0002  5.98000E+0000
-5.35000E+0002  6.02000E+0000
-5.25000E+0002  6.06000E+0000
-5.13000E+0002  6.08000E+0000
-5.10000E+0002  6.13000E+0000
-4.97000E+0002  6.17000E+0000
-4.89000E+0002  6.21000E+0000
-4.87000E+0002  6.22000E+0000
-4.83000E+0002  6.23000E+0000
-4.81000E+0002  6.24000E+0000
-4.78000E+0002  6.25000E+0000
-4.74000E+0002  6.27000E+0000
-4.61000E+0002  6.32000E+0000
-4.33000E+0002  6.42000E+0000
-4.24000E+0002  6.49000E+0000
-4.15000E+0002  6.51000E+0000
-4.36000E+0002  6.46000E+0000
-4.40000E+0002  6.41000E+0000
-4.48000E+0002  6.37000E+0000
-4.52000E+0002  6.35000E+0000
-4.46000E+0002  6.40000E+0000
-4.08000E+0002  6.54000E+0000
-3.87000E+0002  6.65000E+0000
-3.76000E+0002  6.67000E+0000
-3.77000E+0002  6.67000E+0000
-3.96000E+0002  6.59000E+0000
-4.02000E+0002  6.57000E+0000
-3.93000E+0002  6.61000E+0000
-3.77000E+0002  6.67000E+0000
-3.66000E+0002  6.69000E+0000
-3.64000E+0002  6.73000E+0000
-3.55000E+0002  6.76000E+0000
-3.49000E+0002  6.73000E+0000
-3.46000E+0002  6.81000E+0000
-3.35000E+0002  6.85000E+0000
-3.24000E+0002  6.91000E+0000
-3.22000E+0002  6.91000E+0000
-3.19000E+0002  6.93000E+0000
-3.05000E+0002  6.98000E+0000
-2.91000E+0002  7.03000E+0000
-2.87000E+0002  7.06000E+0000
-2.81000E+0002  7.09000E+0000
-2.74000E+0002  7.12000E+0000
-2.65000E+0002  7.16000E+0000
-2.49000E+0002  7.23000E+0000
-2.43000E+0002  7.25000E+0000
-2.38000E+0002  7.28000E+0000
-2.34000E+0002  7.30000E+0000
-2.22000E+0002  7.35000E+0000
-2.07000E+0002  7.37000E+0000
-2.03000E+0002  7.44000E+0000
-1.93000E+0002  7.48000E+0000
-1.85000E+0002  7.52000E+0000
-1.78000E+0002  7.55000E+0000
-1.67000E+0002  7.60000E+0000
-1.61000E+0002  7.69000E+0000
-1.54000E+0002  7.63000E+0000
-1.48000E+0002  7.68000E+0000
-1.34000E+0002  7.75000E+0000
-1.17000E+0002  7.79000E+0000
-1.13000E+0002  7.84000E+0000
-1.03000E+0002  7.88000E+0000
-9.90000E+0001  7.91000E+0000
-8.60000E+0001  7.96000E+0000
-7.90000E+0001  8.00000E+0000
-6.90000E+0001  8.04000E+0000
-6.60000E+0001  8.05000E+0000
-5.70000E+0001  8.11000E+0000
-4.20000E+0001  8.13000E+0000
-3.50000E+0001  8.21000E+0000
-2.20000E+0001  8.25000E+0000
-1.60000E+0001  8.28000E+0000
-0.00000E+0000  8.32000E+0000
 0.00000E+0000  8.36000E+0000
 0.00000E+0000  8.35000E+0000
 0.00000E+0000  8.36000E+0000
-0.00000E+0000  8.35000E+0000
