U              I
5.00000E+0000  2.00000E-0002
4.20000E+0001  8.00000E-0002
5.40000E+0001  1.00000E-0001
4.70000E+0001  1.10000E-0001
2.70000E+0001  4.00000E-0002
1.90000E+0001  4.00000E-0002
4.00000E+0001  8.00000E-0002
4.90000E+0001  1.00000E-0001
8.10000E+0001  1.50000E-0001
9.30000E+0001  1.70000E-0001
1.01000E+0002  1.70000E-0001
1.03000E+0002  1.80000E-0001
1.07000E+0002  1.90000E-0001
1.16000E+0002  2.00000E-0001
1.20000E+0002  2.10000E-0001
1.25000E+0002  2.20000E-0001
1.34000E+0002  2.40000E-0001
1.37000E+0002  2.50000E-0001
1.44000E+0002  2.50000E-0001
1.47000E+0002  2.60000E-0001
1.53000E+0002  2.60000E-0001
1.59000E+0002  2.70000E-0001
1.68000E+0002  2.90000E-0001
1.54000E+0002  2.70000E-0001
1.63000E+0002  2.80000E-0001
1.72000E+0002  2.90000E-0001
1.72000E+0002  2.90000E-0001
1.78000E+0002  3.00000E-0001
1.84000E+0002  3.10000E-0001
1.98000E+0002  3.30000E-0001
1.98000E+0002  3.30000E-0001
2.08000E+0002  3.40000E-0001
2.16000E+0002  3.60000E-0001
2.22000E+0002  3.70000E-0001
2.31000E+0002  3.80000E-0001
2.41000E+0002  3.90000E-0001
2.45000E+0002  3.90000E-0001
2.46000E+0002  4.00000E-0001
2.52000E+0002  4.00000E-0001
2.74000E+0002  4.30000E-0001
2.78000E+0002  4.40000E-0001
2.89000E+0002  4.50000E-0001
2.89000E+0002  4.50000E-0001
2.91000E+0002  4.50000E-0001
3.04000E+0002  4.70000E-0001
3.17000E+0002  4.90000E-0001
3.31000E+0002  5.00000E-0001
3.40000E+0002  5.10000E-0001
3.55000E+0002  5.30000E-0001
3.76000E+0002  5.40000E-0001
3.93000E+0002  5.80000E-0001
4.14000E+0002  6.00000E-0001
4.19000E+0002  6.00000E-0001
4.18000E+0002  6.00000E-0001
4.22000E+0002  6.00000E-0001
4.27000E+0002  6.10000E-0001
4.30000E+0002  6.20000E-0001
5.11000E+0002  6.80000E-0001
5.39000E+0002  7.10000E-0001
5.40000E+0002  7.10000E-0001
5.40000E+0002  7.10000E-0001
5.40000E+0002  7.10000E-0001
5.47000E+0002  7.00000E-0001
5.55000E+0002  7.20000E-0001
5.45000E+0002  7.00000E-0001
5.30000E+0002  7.00000E-0001
5.26000E+0002  6.90000E-0001
5.09000E+0002  6.80000E-0001
4.79000E+0002  6.60000E-0001
4.76000E+0002  6.60000E-0001
4.63000E+0002  6.40000E-0001
4.61000E+0002  6.40000E-0001
4.91000E+0002  6.60000E-0001
4.98000E+0002  6.70000E-0001
5.14000E+0002  6.90000E-0001
5.34000E+0002  7.00000E-0001
5.41000E+0002  7.10000E-0001
5.58000E+0002  7.20000E-0001
5.72000E+0002  7.30000E-0001
5.80000E+0002  7.40000E-0001
5.94000E+0002  7.50000E-0001
6.02000E+0002  7.50000E-0001
6.13000E+0002  7.50000E-0001
6.15000E+0002  7.60000E-0001
6.21000E+0002  7.60000E-0001
6.30000E+0002  7.60000E-0001
6.33000E+0002  7.70000E-0001
6.43000E+0002  7.80000E-0001
6.54000E+0002  7.80000E-0001
6.59000E+0002  7.90000E-0001
6.64000E+0002  7.90000E-0001
6.69000E+0002  7.90000E-0001
6.69000E+0002  7.90000E-0001
6.73000E+0002  8.00000E-0001
6.85000E+0002  8.00000E-0001
6.97000E+0002  8.00000E-0001
7.04000E+0002  8.20000E-0001
7.23000E+0002  8.20000E-0001
7.36000E+0002  8.30000E-0001
7.37000E+0002  8.30000E-0001
7.57000E+0002  8.40000E-0001
7.71000E+0002  8.50000E-0001
7.76000E+0002  8.50000E-0001
7.79000E+0002  8.40000E-0001
7.84000E+0002  8.50000E-0001
7.94000E+0002  8.50000E-0001
7.98000E+0002  8.60000E-0001
8.11000E+0002  8.60000E-0001
8.25000E+0002  8.60000E-0001
8.31000E+0002  8.70000E-0001
8.35000E+0002  8.70000E-0001
8.48000E+0002  8.70000E-0001
8.58000E+0002  8.80000E-0001
8.65000E+0002  8.80000E-0001
8.80000E+0002  8.80000E-0001
8.84000E+0002  8.90000E-0001
8.90000E+0002  8.90000E-0001
9.00000E+0002  8.90000E-0001
9.13000E+0002  9.00000E-0001
9.31000E+0002  9.00000E-0001
9.39000E+0002  9.00000E-0001
9.51000E+0002  9.10000E-0001
9.54000E+0002  9.10000E-0001
9.61000E+0002  9.10000E-0001
9.65000E+0002  9.10000E-0001
9.69000E+0002  9.10000E-0001
9.70000E+0002  9.10000E-0001
9.81000E+0002  9.20000E-0001
9.89000E+0002  9.30000E-0001
1.00500E+0003  9.20000E-0001
1.02300E+0003  9.30000E-0001
1.06000E+0003  9.40000E-0001
1.07800E+0003  9.40000E-0001
1.09900E+0003  9.40000E-0001
1.12800E+0003  9.50000E-0001
1.13900E+0003  9.50000E-0001
1.15000E+0003  9.50000E-0001
1.15900E+0003  9.50000E-0001
1.16400E+0003  9.50000E-0001
1.16400E+0003  9.60000E-0001
1.17800E+0003  9.60000E-0001
1.18600E+0003  9.50000E-0001
1.18600E+0003  9.60000E-0001
1.18800E+0003  9.60000E-0001
1.20600E+0003  9.60000E-0001
1.21600E+0003  9.60000E-0001
1.23100E+0003  9.70000E-0001
1.24500E+0003  9.70000E-0001
1.25300E+0003  9.70000E-0001
1.26400E+0003  9.70000E-0001
1.27300E+0003  9.70000E-0001
1.27600E+0003  9.80000E-0001
1.29200E+0003  9.80000E-0001
1.30500E+0003  9.70000E-0001
1.30900E+0003  9.80000E-0001
1.32300E+0003  9.80000E-0001
1.34400E+0003  9.80000E-0001
1.36800E+0003  9.80000E-0001
1.38600E+0003  9.90000E-0001
1.41400E+0003  9.90000E-0001
1.44200E+0003  9.90000E-0001
1.45100E+0003  9.90000E-0001
1.48000E+0003  1.00000E+0000
1.52000E+0003  1.00000E+0000
1.54400E+0003  1.01000E+0000
1.59700E+0003  1.01000E+0000
1.63400E+0003  1.02000E+0000
1.66900E+0003  1.01000E+0000
1.68700E+0003  1.02000E+0000
1.73600E+0003  1.02000E+0000
1.79200E+0003  1.03000E+0000
1.80900E+0003  1.03000E+0000
1.83900E+0003  1.03000E+0000
1.87000E+0003  1.03000E+0000
1.87600E+0003  1.03000E+0000
1.88200E+0003  1.04000E+0000
1.92700E+0003  1.03000E+0000
1.93800E+0003  1.04000E+0000
1.96100E+0003  1.04000E+0000
1.98400E+0003  1.04000E+0000
1.99700E+0003  1.04000E+0000
2.00900E+0003  1.04000E+0000
2.03000E+0003  1.04000E+0000
2.04400E+0003  1.05000E+0000
2.04900E+0003  1.05000E+0000
2.05900E+0003  1.05000E+0000
2.07600E+0003  1.04000E+0000
2.08100E+0003  1.05000E+0000
2.09700E+0003  1.05000E+0000
2.13600E+0003  1.05000E+0000
2.18000E+0003  1.05000E+0000
2.20400E+0003  1.06000E+0000
2.25300E+0003  1.06000E+0000
2.30000E+0003  1.06000E+0000
2.32200E+0003  1.05000E+0000
2.35700E+0003  1.06000E+0000
2.40400E+0003  1.06000E+0000
2.43000E+0003  1.07000E+0000
2.46400E+0003  1.07000E+0000
2.49900E+0003  1.07000E+0000
2.52400E+0003  1.07000E+0000
2.55400E+0003  1.07000E+0000
2.59000E+0003  1.07000E+0000
2.61200E+0003  1.07000E+0000
2.63900E+0003  1.07000E+0000
2.68200E+0003  1.07000E+0000
2.72200E+0003  1.07000E+0000
2.74300E+0003  1.08000E+0000
2.78700E+0003  1.08000E+0000
2.86000E+0003  1.08000E+0000
2.89600E+0003  1.08000E+0000
2.94500E+0003  1.08000E+0000
2.97800E+0003  1.08000E+0000
3.00000E+0003  1.09000E+0000
3.04900E+0003  1.09000E+0000
3.08100E+0003  1.09000E+0000
3.10500E+0003  1.09000E+0000
3.12200E+0003  1.09000E+0000
3.16100E+0003  1.09000E+0000
3.20800E+0003  1.09000E+0000
3.23800E+0003  1.10000E+0000
3.29900E+0003  1.09000E+0000
3.37600E+0003  1.10000E+0000
3.40400E+0003  1.10000E+0000
3.45000E+0003  1.10000E+0000
3.48500E+0003  1.10000E+0000
3.52200E+0003  1.10000E+0000
3.54900E+0003  1.10000E+0000
3.59100E+0003  1.10000E+0000
3.62900E+0003  1.10000E+0000
3.65600E+0003  1.11000E+0000
3.70900E+0003  1.11000E+0000
3.73900E+0003  1.10000E+0000
3.74500E+0003  1.11000E+0000
3.77600E+0003  1.11000E+0000
3.81100E+0003  1.11000E+0000
3.82900E+0003  1.11000E+0000
3.86300E+0003  1.11000E+0000
3.89300E+0003  1.11000E+0000
3.91700E+0003  1.11000E+0000
3.96600E+0003  1.11000E+0000
4.00800E+0003  1.11000E+0000
4.07300E+0003  1.11000E+0000
4.10200E+0003  1.11000E+0000
4.14600E+0003  1.12000E+0000
4.20600E+0003  1.12000E+0000
4.22100E+0003  1.12000E+0000
4.28500E+0003  1.12000E+0000
4.36800E+0003  1.12000E+0000
4.40700E+0003  1.12000E+0000
4.46500E+0003  1.12000E+0000
4.51300E+0003  1.12000E+0000
4.52500E+0003  1.12000E+0000
4.56100E+0003  1.12000E+0000
4.62200E+0003  1.12000E+0000
4.68700E+0003  1.13000E+0000
4.72600E+0003  1.13000E+0000
4.78500E+0003  1.13000E+0000
4.85000E+0003  1.13000E+0000
4.90000E+0003  1.13000E+0000
4.99300E+0003  1.13000E+0000
5.07100E+0003  1.13000E+0000
5.09300E+0003  1.13000E+0000
5.13400E+0003  1.13000E+0000
5.16900E+0003  1.13000E+0000
5.18900E+0003  1.14000E+0000
5.22600E+0003  1.14000E+0000
5.27400E+0003  1.14000E+0000
5.34300E+0003  1.14000E+0000
5.38600E+0003  1.14000E+0000
5.46700E+0003  1.14000E+0000
5.52500E+0003  1.14000E+0000
5.55500E+0003  1.14000E+0000
5.60900E+0003  1.14000E+0000
5.66900E+0003  1.14000E+0000
5.69000E+0003  1.14000E+0000
5.75300E+0003  1.14000E+0000
5.80700E+0003  1.14000E+0000
5.82400E+0003  1.14000E+0000
5.86700E+0003  1.15000E+0000
5.93400E+0003  1.14000E+0000
6.01200E+0003  1.14000E+0000
6.05400E+0003  1.15000E+0000
6.12800E+0003  1.15000E+0000
6.20800E+0003  1.15000E+0000
6.23700E+0003  1.15000E+0000
6.30400E+0003  1.15000E+0000
6.36500E+0003  1.15000E+0000
6.39800E+0003  1.15000E+0000
6.46600E+0003  1.15000E+0000
6.53600E+0003  1.15000E+0000
6.59900E+0003  1.15000E+0000
6.61700E+0003  1.16000E+0000
6.67900E+0003  1.15000E+0000
6.73500E+0003  1.15000E+0000
6.77100E+0003  1.16000E+0000
6.83500E+0003  1.15000E+0000
6.90700E+0003  1.16000E+0000
6.95100E+0003  1.15000E+0000
7.04600E+0003  1.16000E+0000
7.08600E+0003  1.16000E+0000
7.14700E+0003  1.16000E+0000
7.19100E+0003  1.16000E+0000
7.25100E+0003  1.16000E+0000
7.32900E+0003  1.16000E+0000
7.36700E+0003  1.16000E+0000
7.44300E+0003  1.16000E+0000
7.48600E+0003  1.16000E+0000
7.51800E+0003  1.16000E+0000
7.56800E+0003  1.16000E+0000
7.62900E+0003  1.16000E+0000
7.65200E+0003  1.16000E+0000
7.70900E+0003  1.16000E+0000
7.75800E+0003  1.16000E+0000
7.83400E+0003  1.16000E+0000
7.85000E+0003  1.17000E+0000
7.92100E+0003  1.16000E+0000
7.99800E+0003  1.17000E+0000
8.02000E+0003  1.17000E+0000
8.06800E+0003  1.17000E+0000
8.11300E+0003  1.17000E+0000
8.14200E+0003  1.17000E+0000
8.21500E+0003  1.17000E+0000
8.27500E+0003  1.17000E+0000
8.30200E+0003  1.17000E+0000
8.37100E+0003  1.17000E+0000
8.43900E+0003  1.17000E+0000
8.49400E+0003  1.17000E+0000
8.53300E+0003  1.17000E+0000
8.61100E+0003  1.17000E+0000
8.68500E+0003  1.18000E+0000
8.71100E+0003  1.17000E+0000
8.77200E+0003  1.17000E+0000
8.82900E+0003  1.18000E+0000
8.87000E+0003  1.17000E+0000
8.88100E+0003  1.17000E+0000
8.90200E+0003  1.18000E+0000
8.92800E+0003  1.17000E+0000
8.94500E+0003  1.18000E+0000
8.96900E+0003  1.17000E+0000
8.95900E+0003  1.17000E+0000
9.00200E+0003  1.18000E+0000
9.09400E+0003  1.18000E+0000
9.18600E+0003  1.18000E+0000
9.22200E+0003  1.18000E+0000
9.29300E+0003  1.18000E+0000
9.37000E+0003  1.18000E+0000
9.41300E+0003  1.18000E+0000
9.47800E+0003  1.18000E+0000
9.54300E+0003  1.18000E+0000
9.60400E+0003  1.18000E+0000
9.63900E+0003  1.18000E+0000
9.70900E+0003  1.18000E+0000
9.79700E+0003  1.18000E+0000
9.84900E+0003  1.18000E+0000
9.91500E+0003  1.18000E+0000
9.96100E+0003  1.18000E+0000
1.00280E+0004  1.19000E+0000
1.00730E+0004  1.19000E+0000
1.01110E+0004  1.19000E+0000
1.01590E+0004  1.19000E+0000
1.02340E+0004  1.19000E+0000
1.03140E+0004  1.18000E+0000
1.03450E+0004  1.19000E+0000
1.04000E+0004  1.19000E+0000
1.04650E+0004  1.19000E+0000
1.04970E+0004  1.19000E+0000
1.05640E+0004  1.19000E+0000
1.06200E+0004  1.19000E+0000
1.06480E+0004  1.19000E+0000
1.07040E+0004  1.19000E+0000
1.07870E+0004  1.19000E+0000
1.08310E+0004  1.20000E+0000
1.09230E+0004  1.19000E+0000
1.10060E+0004  1.19000E+0000
1.11040E+0004  1.19000E+0000
1.11590E+0004  1.19000E+0000
1.12540E+0004  1.19000E+0000
1.13240E+0004  1.19000E+0000
1.13530E+0004  1.20000E+0000
1.13910E+0004  1.19000E+0000
1.13900E+0004  1.19000E+0000
1.13920E+0004  1.20000E+0000
1.13910E+0004  1.19000E+0000
1.13870E+0004  1.19000E+0000
1.13880E+0004  1.19000E+0000
