U               I
-3.31800E+0003  0.00000E+0000
-3.31900E+0003  1.00000E-0002
-3.31400E+0003  0.00000E+0000
-3.31200E+0003  0.00000E+0000
-3.31400E+0003  0.00000E+0000
-3.31000E+0003  0.00000E+0000
-3.29800E+0003  0.00000E+0000
-3.28900E+0003  1.00000E-0002
-3.27800E+0003  0.00000E+0000
-3.25400E+0003  0.00000E+0000
-3.25200E+0003  0.00000E+0000
-3.23600E+0003  0.00000E+0000
-3.22600E+0003  0.00000E+0000
-3.22200E+0003  1.00000E-0002
-3.21100E+0003  0.00000E+0000
-3.21100E+0003  0.00000E+0000
-3.20600E+0003  0.00000E+0000
-3.20100E+0003  1.00000E-0002
-3.19500E+0003  0.00000E+0000
-3.18400E+0003  1.00000E-0002
-3.18300E+0003  0.00000E+0000
-3.17800E+0003  0.00000E+0000
-3.17200E+0003  0.00000E+0000
-3.17000E+0003  0.00000E+0000
-3.14800E+0003  1.00000E-0002
-3.14000E+0003  0.00000E+0000
-3.13300E+0003  0.00000E+0000
-3.13200E+0003  0.00000E+0000
-3.12200E+0003  0.00000E+0000
-3.11500E+0003  1.00000E-0002
-3.11500E+0003  1.00000E-0002
-3.11000E+0003  0.00000E+0000
-3.10500E+0003  0.00000E+0000
-3.09600E+0003  1.00000E-0002
-3.08200E+0003  0.00000E+0000
-3.07400E+0003  0.00000E+0000
-3.06600E+0003  0.00000E+0000
-3.06600E+0003  1.00000E-0002
-3.06500E+0003  0.00000E+0000
-3.05700E+0003  0.00000E+0000
-3.04900E+0003  1.00000E-0002
-3.04200E+0003  0.00000E+0000
-3.03400E+0003  0.00000E+0000
-3.03000E+0003  0.00000E+0000
-3.02400E+0003  1.00000E-0002
-3.01600E+0003  0.00000E+0000
-3.00600E+0003  1.00000E-0002
-3.00000E+0003  0.00000E+0000
-3.00000E+0003  0.00000E+0000
-2.97700E+0003  0.00000E+0000
-2.97500E+0003  1.00000E-0002
-2.96800E+0003  1.00000E-0002
-2.95300E+0003  0.00000E+0000
-2.95300E+0003  1.00000E-0002
-2.94400E+0003  1.00000E-0002
-2.94400E+0003  1.00000E-0002
-2.93500E+0003  1.00000E-0002
-2.92100E+0003  1.00000E-0002
-2.90600E+0003  1.00000E-0002
-2.90500E+0003  1.00000E-0002
-2.90200E+0003  1.00000E-0002
-2.89100E+0003  1.00000E-0002
-2.87700E+0003  2.00000E-0002
-2.87000E+0003  1.00000E-0002
-2.86300E+0003  2.00000E-0002
-2.84500E+0003  3.00000E-0002
-2.83500E+0003  3.00000E-0002
-2.82700E+0003  3.00000E-0002
-2.82500E+0003  3.00000E-0002
-2.82400E+0003  3.00000E-0002
-2.82500E+0003  3.00000E-0002
-2.81500E+0003  3.00000E-0002
-2.79900E+0003  4.00000E-0002
-2.79100E+0003  4.00000E-0002
-2.78300E+0003  4.00000E-0002
-2.77700E+0003  4.00000E-0002
-2.77100E+0003  5.00000E-0002
-2.76900E+0003  5.00000E-0002
-2.75600E+0003  5.00000E-0002
-2.75700E+0003  6.00000E-0002
-2.74500E+0003  6.00000E-0002
-2.73200E+0003  7.00000E-0002
-2.72300E+0003  7.00000E-0002
-2.72500E+0003  7.00000E-0002
-2.72000E+0003  7.00000E-0002
-2.71700E+0003  7.00000E-0002
-2.70700E+0003  8.00000E-0002
-2.68900E+0003  9.00000E-0002
-2.68000E+0003  9.00000E-0002
-2.67300E+0003  1.00000E-0001
-2.65600E+0003  1.10000E-0001
-2.64400E+0003  1.20000E-0001
-2.64400E+0003  1.30000E-0001
-2.62400E+0003  1.50000E-0001
-2.61000E+0003  1.60000E-0001
-2.60500E+0003  1.70000E-0001
-2.58200E+0003  1.90000E-0001
-2.56900E+0003  1.90000E-0001
-2.56800E+0003  2.00000E-0001
-2.55200E+0003  2.10000E-0001
-2.53900E+0003  2.20000E-0001
-2.53000E+0003  2.40000E-0001
-2.51900E+0003  2.60000E-0001
-2.51100E+0003  2.60000E-0001
-2.49600E+0003  2.80000E-0001
-2.48400E+0003  2.90000E-0001
-2.47700E+0003  3.00000E-0001
-2.47000E+0003  3.10000E-0001
-2.46900E+0003  3.10000E-0001
-2.46900E+0003  3.10000E-0001
-2.44900E+0003  3.40000E-0001
-2.43500E+0003  3.60000E-0001
-2.43200E+0003  3.60000E-0001
-2.41100E+0003  3.90000E-0001
-2.40300E+0003  3.90000E-0001
-2.40000E+0003  4.10000E-0001
-2.39400E+0003  4.20000E-0001
-2.38000E+0003  4.30000E-0001
-2.36700E+0003  4.50000E-0001
-2.35900E+0003  4.70000E-0001
-2.34900E+0003  4.90000E-0001
-2.34500E+0003  4.90000E-0001
-2.34100E+0003  5.00000E-0001
-2.33500E+0003  5.00000E-0001
-2.32800E+0003  5.10000E-0001
-2.32700E+0003  5.20000E-0001
-2.31900E+0003  5.30000E-0001
-2.31800E+0003  5.30000E-0001
-2.31300E+0003  5.50000E-0001
-2.30300E+0003  5.60000E-0001
-2.29000E+0003  5.90000E-0001
-2.27800E+0003  6.10000E-0001
-2.27800E+0003  6.00000E-0001
-2.25100E+0003  6.50000E-0001
-2.22600E+0003  6.70000E-0001
-2.22500E+0003  6.90000E-0001
-2.22100E+0003  7.10000E-0001
-2.21000E+0003  7.20000E-0001
-2.19900E+0003  7.50000E-0001
-2.19300E+0003  7.70000E-0001
-2.17500E+0003  7.80000E-0001
-2.17100E+0003  8.10000E-0001
-2.15600E+0003  8.40000E-0001
-2.14400E+0003  8.60000E-0001
-2.12700E+0003  8.70000E-0001
-2.10800E+0003  9.60000E-0001
-2.08500E+0003  9.90000E-0001
-2.07300E+0003  1.01000E+0000
-2.06500E+0003  1.03000E+0000
-2.05500E+0003  1.05000E+0000
-2.04500E+0003  1.07000E+0000
-2.04000E+0003  1.08000E+0000
-2.02800E+0003  1.11000E+0000
-2.01900E+0003  1.11000E+0000
-2.01800E+0003  1.14000E+0000
-2.00700E+0003  1.16000E+0000
-2.00300E+0003  1.16000E+0000
-1.99000E+0003  1.18000E+0000
-1.99100E+0003  1.20000E+0000
-1.97400E+0003  1.23000E+0000
-1.96300E+0003  1.25000E+0000
-1.96400E+0003  1.26000E+0000
-1.95500E+0003  1.28000E+0000
-1.94000E+0003  1.31000E+0000
-1.93400E+0003  1.33000E+0000
-1.92200E+0003  1.36000E+0000
-1.91400E+0003  1.38000E+0000
-1.90900E+0003  1.39000E+0000
-1.90200E+0003  1.42000E+0000
-1.88600E+0003  1.45000E+0000
-1.87700E+0003  1.44000E+0000
-1.87600E+0003  1.47000E+0000
-1.86700E+0003  1.49000E+0000
-1.86000E+0003  1.49000E+0000
-1.85900E+0003  1.51000E+0000
-1.85100E+0003  1.53000E+0000
-1.82500E+0003  1.60000E+0000
-1.81000E+0003  1.65000E+0000
-1.79000E+0003  1.72000E+0000
-1.77700E+0003  1.73000E+0000
-1.77100E+0003  1.74000E+0000
-1.76300E+0003  1.76000E+0000
-1.75800E+0003  1.78000E+0000
-1.74500E+0003  1.79000E+0000
-1.74400E+0003  1.82000E+0000
-1.73500E+0003  1.84000E+0000
-1.71800E+0003  1.88000E+0000
-1.71800E+0003  1.89000E+0000
-1.70400E+0003  1.93000E+0000
-1.69000E+0003  1.96000E+0000
-1.68900E+0003  1.98000E+0000
-1.68100E+0003  2.00000E+0000
-1.67200E+0003  2.01000E+0000
-1.66100E+0003  2.04000E+0000
-1.66000E+0003  2.06000E+0000
-1.64300E+0003  2.10000E+0000
-1.63900E+0003  2.11000E+0000
-1.63400E+0003  2.12000E+0000
-1.61800E+0003  2.16000E+0000
-1.60500E+0003  2.20000E+0000
-1.59600E+0003  2.23000E+0000
-1.58600E+0003  2.26000E+0000
-1.58300E+0003  2.27000E+0000
-1.57400E+0003  2.29000E+0000
-1.56600E+0003  2.32000E+0000
-1.55800E+0003  2.35000E+0000
-1.55100E+0003  2.34000E+0000
-1.55000E+0003  2.37000E+0000
-1.53200E+0003  2.44000E+0000
-1.51300E+0003  2.45000E+0000
-1.51200E+0003  2.49000E+0000
-1.50700E+0003  2.50000E+0000
-1.49900E+0003  2.51000E+0000
-1.49900E+0003  2.53000E+0000
-1.49100E+0003  2.56000E+0000
-1.48400E+0003  2.57000E+0000
-1.47900E+0003  2.59000E+0000
-1.47200E+0003  2.60000E+0000
-1.45700E+0003  2.65000E+0000
-1.45100E+0003  2.67000E+0000
-1.44500E+0003  2.70000E+0000
-1.43500E+0003  2.73000E+0000
-1.42900E+0003  2.74000E+0000
-1.42200E+0003  2.76000E+0000
-1.41100E+0003  2.80000E+0000
-1.39800E+0003  2.84000E+0000
-1.38600E+0003  2.88000E+0000
-1.37900E+0003  2.90000E+0000
-1.37100E+0003  2.92000E+0000
-1.35000E+0003  3.00000E+0000
-1.33300E+0003  3.06000E+0000
-1.32900E+0003  3.06000E+0000
-1.32000E+0003  3.09000E+0000
-1.31500E+0003  3.11000E+0000
-1.31100E+0003  3.13000E+0000
-1.30300E+0003  3.14000E+0000
-1.29300E+0003  3.18000E+0000
-1.28400E+0003  3.21000E+0000
-1.28300E+0003  3.21000E+0000
-1.27200E+0003  3.22000E+0000
-1.27200E+0003  3.25000E+0000
-1.26700E+0003  3.26000E+0000
-1.25300E+0003  3.31000E+0000
-1.25300E+0003  3.31000E+0000
-1.23600E+0003  3.37000E+0000
-1.23400E+0003  3.37000E+0000
-1.22700E+0003  3.40000E+0000
-1.22700E+0003  3.40000E+0000
-1.22700E+0003  3.40000E+0000
-1.22700E+0003  3.40000E+0000
-1.22400E+0003  3.41000E+0000
-1.21000E+0003  3.46000E+0000
-1.20300E+0003  3.49000E+0000
-1.19500E+0003  3.52000E+0000
-1.18800E+0003  3.54000E+0000
-1.18400E+0003  3.55000E+0000
-1.18500E+0003  3.55000E+0000
-1.17800E+0003  3.57000E+0000
-1.16400E+0003  3.56000E+0000
-1.16300E+0003  3.63000E+0000
-1.15200E+0003  3.66000E+0000
-1.14400E+0003  3.65000E+0000
-1.14200E+0003  3.69000E+0000
-1.14000E+0003  3.71000E+0000
-1.12700E+0003  3.76000E+0000
-1.11800E+0003  3.78000E+0000
-1.11200E+0003  3.80000E+0000
-1.10500E+0003  3.82000E+0000
-1.10400E+0003  3.82000E+0000
-1.09500E+0003  3.87000E+0000
-1.08100E+0003  3.90000E+0000
-1.07800E+0003  3.90000E+0000
-1.07500E+0003  3.93000E+0000
-1.06400E+0003  3.96000E+0000
-1.06400E+0003  3.97000E+0000
-1.06400E+0003  3.97000E+0000
-1.05600E+0003  3.99000E+0000
-1.04200E+0003  4.04000E+0000
-1.03400E+0003  4.05000E+0000
-1.03300E+0003  4.09000E+0000
-1.02000E+0003  4.12000E+0000
-1.07900E+0003  4.14000E+0000
-1.01200E+0003  4.16000E+0000
-1.00900E+0003  4.17000E+0000
-9.84000E+0002  4.22000E+0000
-9.81000E+0002  4.27000E+0000
-9.77000E+0002  4.28000E+0000
-9.64000E+0002  4.33000E+0000
-9.55000E+0002  4.35000E+0000
-9.46000E+0002  4.40000E+0000
-9.39000E+0002  4.44000E+0000
-9.31000E+0002  4.45000E+0000
-9.27000E+0002  4.47000E+0000
-9.12000E+0002  4.53000E+0000
-9.02000E+0002  4.55000E+0000
-8.97000E+0002  4.58000E+0000
-8.79000E+0002  4.65000E+0000
-8.73000E+0002  4.67000E+0000
-8.64000E+0002  4.70000E+0000
-8.55000E+0002  4.74000E+0000
-8.47000E+0002  4.77000E+0000
-8.44000E+0002  4.78000E+0000
-8.43000E+0002  4.79000E+0000
-8.33000E+0002  4.82000E+0000
-8.33000E+0002  4.83000E+0000
-7.99000E+0002  4.96000E+0000
-7.89000E+0002  4.99000E+0000
-7.81000E+0002  5.03000E+0000
-7.68000E+0002  5.08000E+0000
-7.95000E+0002  4.92000E+0000
-8.13000E+0002  4.86000E+0000
-8.33000E+0002  4.83000E+0000
-8.39000E+0002  4.79000E+0000
-8.03000E+0002  4.98000E+0000
-7.73000E+0002  5.11000E+0000
-7.27000E+0002  5.24000E+0000
-7.19000E+0002  5.26000E+0000
-7.19000E+0002  5.26000E+0000
-7.47000E+0002  5.15000E+0000
-7.55000E+0002  5.12000E+0000
-7.60000E+0002  5.13000E+0000
-7.40000E+0002  5.18000E+0000
-7.33000E+0002  5.21000E+0000
-7.21000E+0002  5.25000E+0000
-7.16000E+0002  5.28000E+0000
-7.06000E+0002  5.31000E+0000
-6.95000E+0002  5.36000E+0000
-6.90000E+0002  5.38000E+0000
-6.81000E+0002  5.42000E+0000
-6.75000E+0002  5.44000E+0000
-6.64000E+0002  5.48000E+0000
-6.64000E+0002  5.48000E+0000
-6.55000E+0002  5.52000E+0000
-6.47000E+0002  5.55000E+0000
-6.44000E+0002  5.56000E+0000
-6.32000E+0002  5.62000E+0000
-6.23000E+0002  5.65000E+0000
-6.12000E+0002  5.69000E+0000
-6.01000E+0002  5.73000E+0000
-5.89000E+0002  5.79000E+0000
-5.73000E+0002  5.85000E+0000
-5.59000E+0002  5.91000E+0000
-5.53000E+0002  5.93000E+0000
-5.48000E+0002  5.94000E+0000
-5.47000E+0002  5.98000E+0000
-5.36000E+0002  6.00000E+0000
-5.28000E+0002  6.00000E+0000
-5.25000E+0002  6.05000E+0000
-5.18000E+0002  6.08000E+0000
-5.09000E+0002  6.12000E+0000
-5.04000E+0002  6.14000E+0000
-4.99000E+0002  6.16000E+0000
-4.94000E+0002  6.18000E+0000
-4.77000E+0002  6.24000E+0000
-4.74000E+0002  6.27000E+0000
-4.69000E+0002  6.28000E+0000
-4.65000E+0002  6.30000E+0000
-4.64000E+0002  6.30000E+0000
-4.54000E+0002  6.34000E+0000
-4.46000E+0002  6.38000E+0000
-4.36000E+0002  6.41000E+0000
-4.35000E+0002  6.43000E+0000
-4.23000E+0002  6.48000E+0000
-4.16000E+0002  6.49000E+0000
-4.06000E+0002  6.55000E+0000
-3.98000E+0002  6.59000E+0000
-3.93000E+0002  6.60000E+0000
-3.84000E+0002  6.64000E+0000
-3.80000E+0002  6.66000E+0000
-3.70000E+0002  6.68000E+0000
-3.69000E+0002  6.70000E+0000
-3.67000E+0002  6.72000E+0000
-3.65000E+0002  6.72000E+0000
-3.58000E+0002  6.73000E+0000
-3.58000E+0002  6.75000E+0000
-3.46000E+0002  6.81000E+0000
-3.40000E+0002  6.81000E+0000
-3.37000E+0002  6.84000E+0000
-3.31000E+0002  6.88000E+0000
-3.24000E+0002  6.87000E+0000
-3.20000E+0002  6.92000E+0000
-3.17000E+0002  6.95000E+0000
-3.11000E+0002  6.97000E+0000
-2.96000E+0002  7.02000E+0000
-2.88000E+0002  7.06000E+0000
-2.85000E+0002  7.08000E+0000
-2.76000E+0002  7.09000E+0000
-2.73000E+0002  7.14000E+0000
-2.64000E+0002  7.17000E+0000
-2.60000E+0002  7.18000E+0000
-2.54000E+0002  7.21000E+0000
-2.49000E+0002  7.24000E+0000
-2.42000E+0002  7.23000E+0000
-2.38000E+0002  7.28000E+0000
-2.29000E+0002  7.32000E+0000
-2.17000E+0002  7.34000E+0000
-2.08000E+0002  7.42000E+0000
-1.99000E+0002  7.46000E+0000
-1.95000E+0002  7.47000E+0000
-1.86000E+0002  7.48000E+0000
-1.86000E+0002  7.52000E+0000
-1.75000E+0002  7.57000E+0000
-1.69000E+0002  7.60000E+0000
-1.55000E+0002  7.67000E+0000
-1.41000E+0002  7.72000E+0000
-1.36000E+0002  7.74000E+0000
-1.31000E+0002  7.77000E+0000
-1.24000E+0002  7.80000E+0000
-1.14000E+0002  7.85000E+0000
-1.06000E+0002  7.84000E+0000
-1.05000E+0002  7.89000E+0000
-9.50000E+0001  7.93000E+0000
-8.90000E+0001  7.95000E+0000
-8.80000E+0001  7.97000E+0000
-7.60000E+0001  8.03000E+0000
-7.20000E+0001  8.04000E+0000
-7.90000E+0001  7.98000E+0000
-9.30000E+0001  7.90000E+0000
-1.13000E+0002  7.89000E+0000
-1.14000E+0002  7.84000E+0000
-9.80000E+0001  7.91000E+0000
-7.70000E+0001  8.01000E+0000
-6.90000E+0001  8.04000E+0000
-6.50000E+0001  8.08000E+0000
-5.30000E+0001  8.12000E+0000
-3.80000E+0001  8.16000E+0000
-3.10000E+0001  8.22000E+0000
-2.40000E+0001  8.26000E+0000
-1.50000E+0001  8.31000E+0000
-5.00000E+0000  8.35000E+0000
 0.00000E+0000  8.37000E+0000
 0.00000E+0000  8.37000E+0000
-0.00000E+0000  8.37000E+0000
